1    1    2020 20   40   26   
1    2    2020 0    35   22   
1    3    2020 0    40   26   
1    4    2020 0    47   25   
1    5    2020 0    38   22   
1    6    2020 0    39   23   
1    7    2020 0    43   26   
1    8    2020 0    39   26   
1    9    2020 2    36   21   
1    10   2020 0    30   18   
1    11   2020 0    37   22   
1    12   2020 0    34   23   
1    13   2020 0    40   29   
1    14   2020 0    43   20   
1    15   2020 0    36   19   
1    16   2020 0    50   24   
1    17   2020 4    34   21   
1    18   2020 0    37   21   
1    19   2020 0    38   22   
1    20   2020 7    37   27   
1    21   2020 2    44   30   
1    22   2020 0    44   31   
1    23   2020 0    46   29   
1    24   2020 16   45   28   
1    25   2020 0    45   28   
1    26   2020 25   46   30   
1    27   2020 0    42   27   
1    28   2020 8    42   27   
1    29   2020 0    36   24   
1    30   2020 0    39   24   
1    31   2020 0    44   23   
2    1    2020 0    55   28   
2    2    2020 40   59   21   
2    3    2020 12   21   10   
2    4    2020 0    21   7    
2    5    2020 6    30   12   
2    6    2020 0    43   28   
2    7    2020 0    51   30   
2    8    2020 0    54   26   
2    9    2020 0    34   17   
2    10   2020 0    36   16   
2    11   2020 0    36   16   
2    12   2020 0    40   21   
2    13   2020 0    45   21   
2    14   2020 0    53   25   
2    15   2020 0    43   26   
2    16   2020 8    45   30   
2    17   2020 0    37   17   
2    18   2020 0    33   14   
2    19   2020 0    33   13   
2    20   2020 0    36   12   
2    21   2020 0    43   18   
2    22   2020 0    40   24   
2    23   2020 0    50   26   
2    24   2020 0    38   21   
2    25   2020 0    34   16   
2    26   2020 0    45   18   
2    27   2020 0    49   24   
2    28   2020 0    54   26   
2    29   2020 0    55   32   
3    1    2020 59   28   19   
3    2    2020 0    36   16   
3    3    2020 0    45   24   
3    4    2020 0    53   27   
3    5    2020 0    59   33   
3    6    2020 0    59   41   
3    7    2020 0    53   41   
3    8    2020 0    48   33   
3    9    2020 0    50   31   
3    10   2020 0    52   29   
3    11   2020 0    56   34   
3    12   2020 0    52   30   
3    13   2020 7    41   28   
3    14   2020 0    50   40   
3    15   2020 0    53   39   
3    16   2020 0    52   37   
3    17   2020 0    50   36   
3    18   2020 20   42   32   
3    19   2020 16   43   30   
3    20   2020 7    43   27   
3    21   2020 0    45   26   
3    22   2020 0    50   28   
3    23   2020 7    48   34   
3    24   2020 25   53   35   
3    25   2020 41   43   28   
3    26   2020 46   35   23   
3    27   2020 0    36   22   
3    28   2020 0    45   28   
3    29   2020 0    45   31   
3    30   2020 0    52   32   
3    31   2020 0    63   38   
4    1    2020 2    57   27   
4    2    2020 0    39   19   
4    3    2020 0    49   20   
4    4    2020 0    58   27   
4    5    2020 0    61   44   
4    6    2020 0    57   37   
4    7    2020 0    59   35   
4    8    2020 0    63   36   
4    9    2020 15   50   31   
4    10   2020 0    58   30   
4    11   2020 0    62   35   
4    12   2020 0    47   24   
4    13   2020 0    41   20   
4    14   2020 0    49   22   
4    15   2020 19   58   33   
4    16   2020 6    46   26   
4    17   2020 0    50   24   
4    18   2020 1    57   37   
4    19   2020 25   55   35   
4    20   2020 0    58   36   
4    21   2020 0    63   38   
4    22   2020 0    65   41   
4    23   2020 0    64   39   
4    24   2020 0    61   35   
4    25   2020 0    69   41   
4    26   2020 0    73   47   
4    27   2020 0    75   44   
4    28   2020 0    70   44   
4    29   2020 0    81   46   
4    30   2020 2    78   49   
5    1    2020 0    65   46   
5    2    2020 0    70   46   
5    3    2020 0    65   39   
5    4    2020 0    62   34   
5    5    2020 0    72   37   
5    6    2020 0    75   37   
5    7    2020 0    59   32   
5    8    2020 0    70   34   
5    9    2020 0    72   41   
5    10   2020 0    79   45   
5    11   2020 0    77   56   
5    12   2020 0    72   47   
5    13   2020 0    64   43   
5    14   2020 0    64   44   
5    15   2020 0    66   42   
5    16   2020 0    68   41   
5    17   2020 0    79   56   
5    18   2020 0    77   56   
5    19   2020 0    64   37   
5    20   2020 3    58   39   
5    21   2020 0    68   43   
5    22   2020 23   69   34   
5    23   2020 0    53   32   
5    24   2020 0    60   35   
5    25   2020 0    68   40   
5    26   2020 0    79   48   
5    27   2020 0    81   55   
5    28   2020 0    85   56   
5    29   2020 0    91   62   
5    30   2020 0    88   66   
5    31   2020 0    84   63   
6    1    2020 0    84   54   
6    2    2020 0    82   54   
6    3    2020 0    86   58   
6    4    2020 0    86   58   
6    5    2020 0    90   61   
6    6    2020 24   74   45   
6    7    2020 4    56   36   
6    8    2020 0    54   32   
6    9    2020 0    68   37   
6    10   2020 0    76   48   
6    11   2020 0    85   54   
6    12   2020 0    85   63   
6    13   2020 0    74   43   
6    14   2020 0    76   43   
6    15   2020 0    82   49   
6    16   2020 4    75   43   
6    17   2020 0    63   40   
6    18   2020 0    66   39   
6    19   2020 0    75   44   
6    20   2020 0    79   52   
6    21   2020 0    87   57   
6    22   2020 0    83   54   
6    23   2020 0    86   57   
6    24   2020 0    88   60   
6    25   2020 5    82   58   
6    26   2020 0    84   55   
6    27   2020 0    90   61   
6    28   2020 12   84   41   
6    29   2020 0    61   41   
6    30   2020 0    71   45   
7    1    2020 0    83   49   
7    2    2020 0    85   57   
7    3    2020 0    88   58   
7    4    2020 0    89   58   
7    5    2020 0    90   57   
7    6    2020 0    93   58   
7    7    2020 0    87   54   
7    8    2020 0    85   52   
7    9    2020 0    89   55   
7    10   2020 0    91   57   
7    11   2020 0    93   56   
7    12   2020 0    94   63   
7    13   2020 0    91   57   
7    14   2020 0    86   55   
7    15   2020 0    88   56   
7    16   2020 0    90   58   
7    17   2020 0    93   66   
7    18   2020 0    92   63   
7    19   2020 0    91   60   
7    20   2020 0    90   61   
7    21   2020 0    89   61   
7    22   2020 3    81   55   
7    23   2020 0    86   56   
7    24   2020 0    86   60   
7    25   2020 0    89   61   
7    26   2020 0    90   59   
7    27   2020 4    88   58   
7    28   2020 0    87   56   
7    29   2020 0    90   57   
7    30   2020 0    95   60   
7    31   2020 0    95   63   
8    1    2020 0    96   65   
8    2    2020 0    96   66   
8    3    2020 0    93   63   
8    4    2020 0    90   60   
8    5    2020 0    89   62   
8    6    2020 0    88   63   
8    7    2020 0    86   58   
8    8    2020 0    87   57   
8    9    2020 0    88   57   
8    10   2020 0    89   58   
8    11   2020 0    89   57   
8    12   2020 0    87   57   
8    13   2020 0    90   55   
8    14   2020 0    87   57   
8    15   2020 0    90   59   
8    16   2020 0    93   62   
8    17   2020 0    95   64   
8    18   2020 0    94   64   
8    19   2020 3    93   66   
8    20   2020 0    91   63   
8    21   2020 0    91   61   
8    22   2020 0    93   63   
8    23   2020 0    91   68   
8    24   2020 5    91   62   
8    25   2020 0    89   60   
8    26   2020 0    91   59   
8    27   2020 0    89   59   
8    28   2020 0    86   57   
8    29   2020 0    87   61   
8    30   2020 0    86   53   
8    31   2020 0    78   45   
9    1    2020 0    71   43   
9    2    2020 0    83   50   
9    3    2020 0    87   56   
9    4    2020 0    89   56   
9    5    2020 0    95   59   
9    6    2020 0    91   61   
9    7    2020 0    86   43   
9    8    2020 1    49   35   
9    9    2020 0    57   35   
9    10   2020 0    64   39   
9    11   2020 0    77   44   
9    12   2020 0    81   49   
9    13   2020 0    83   51   
9    14   2020 0    84   55   
9    15   2020 0    84   55   
9    16   2020 0    84   54   
9    17   2020 0    85   56   
9    18   2020 0    80   62   
9    19   2020 0    70   47   
9    20   2020 0    73   45   
9    21   2020 0    82   48   
9    22   2020 0    80   55   
9    23   2020 0    82   53   
9    24   2020 0    85   55   
9    25   2020 0    82   52   
9    26   2020 0    76   48   
9    27   2020 0    62   40   
9    28   2020 0    65   38   
9    29   2020 0    72   40   
9    30   2020 0    76   43   
10   1    2020 0    76   45   
10   2    2020 0    76   46   
10   3    2020 0    75   46   
10   4    2020 0    78   46   
10   5    2020 0    77   47   
10   6    2020 0    77   45   
10   7    2020 0    79   46   
10   8    2020 0    80   52   
10   9    2020 0    75   52   
10   10   2020 0    75   52   
10   11   2020 0    56   39   
10   12   2020 0    71   40   
10   13   2020 0    75   45   
10   14   2020 0    67   39   
10   15   2020 0    55   33   
10   16   2020 0    62   33   
10   17   2020 0    72   42   
10   18   2020 0    71   44   
10   19   2020 0    70   42   
10   20   2020 0    69   42   
10   21   2020 0    73   38   
10   22   2020 0    47   25   
10   23   2020 0    48   24   
10   24   2020 0    66   31   
10   25   2020 0    32   18   
10   26   2020 0    34   13   
10   27   2020 0    44   20   
10   28   2020 0    54   26   
10   29   2020 0    59   30   
10   30   2020 0    64   33   
10   31   2020 0    60   34   
11   1    2020 0    61   33   
11   2    2020 0    64   36   
11   3    2020 0    68   42   
11   4    2020 0    69   42   
11   5    2020 0    68   42   
11   6    2020 0    68   54   
11   7    2020 6    55   34   
11   8    2020 52   33   25   
11   9    2020 3    29   19   
11   10   2020 0    34   19   
11   11   2020 0    40   21   
11   12   2020 0    37   19   
11   13   2020 13   48   24   
11   14   2020 0    38   27   
11   15   2020 0    56   33   
11   16   2020 0    56   34   
11   17   2020 0    64   36   
11   18   2020 0    60   39   
11   19   2020 0    48   27   
11   20   2020 0    42   23   
11   21   2020 0    41   19   
11   22   2020 0    38   18   
11   23   2020 2    38   22   
11   24   2020 0    37   21   
11   25   2020 0    44   23   
11   26   2020 0    31   16   
11   27   2020 0    34   15   
11   28   2020 0    40   18   
11   29   2020 0    38   17   
11   30   2020 0    44   19   
12   1    2020 0    35   16   
12   2    2020 0    32   11   
12   3    2020 0    36   13   
12   4    2020 0    35   14   
12   5    2020 0    40   15   
12   6    2020 0    39   16   
12   7    2020 0    40   17   
12   8    2020 0    41   18   
12   9    2020 0    42   19   
12   10   2020 0    35   18   
12   11   2020 6    36   18   
12   12   2020 5    27   10   
12   13   2020 4    29   10   
12   14   2020 3    25   20   
12   15   2020 2    31   18   
12   16   2020 0    39   22   
12   17   2020 9    37   27   
12   18   2020 0    35   22   
12   19   2020 0    40   23   
12   20   2020 0    46   27   
12   21   2020 0    52   30   
12   22   2020 0    45   20   
12   23   2020 0    30   13   
12   24   2020 0    34   14   
12   25   2020 0    38   16   
12   26   2020 0    43   22   
12   27   2020 1    34   19   
12   28   2020 30   27   18   
12   29   2020 0    31   9    
12   30   2020 0    26   8    
12   31   2020 2    28   18   
1    1    2021 0    29   16   
1    2    2021 0    34   16   
1    3    2021 0    38   21   
1    4    2021 0    42   23   
1    5    2021 0    38   21   
1    6    2021 0    38   20   
1    7    2021 0    38   19   
1    8    2021 15   36   20   
1    9    2021 3    32   21   
1    10   2021 0    33   14   
1    11   2021 0    32   13   
1    12   2021 0    37   18   
1    13   2021 0    50   27   
1    14   2021 0    41   22   
1    15   2021 0    46   24   
1    16   2021 0    44   24   
1    17   2021 0    46   24   
1    18   2021 0    35   22   
1    19   2021 0    36   17   
1    20   2021 0    42   18   
1    21   2021 0    44   24   
1    22   2021 28   43   29   
1    23   2021 24   35   26   
1    24   2021 0    31   21   
1    25   2021 50   30   20   
1    26   2021 0    29   20   
1    27   2021 0    34   25   
1    28   2021 0    48   34   
1    29   2021 4    42   29   
1    30   2021 0    39   23   
1    31   2021 0    41   23   
2    1    2021 0    43   29   
2    2    2021 0    55   33   
2    3    2021 0    45   25   
2    4    2021 0    36   22   
2    5    2021 0    46   24   
2    6    2021 0    50   25   
2    7    2021 0    54   31   
2    8    2021 0    55   34   
2    9    2021 0    45   38   
2    10   2021 0    50   32   
2    11   2021 3    51   32   
2    12   2021 17   49   35   
2    13   2021 38   38   27   
2    14   2021 0    33   24   
2    15   2021 8    41   28   
2    16   2021 0    36   27   
2    17   2021 2    31   18   
2    18   2021 0    34   16   
2    19   2021 0    49   29   
2    20   2021 0    39   24   
2    21   2021 0    39   21   
2    22   2021 0    47   24   
2    23   2021 0    45   25   
2    24   2021 0    34   17   
2    25   2021 0    34   14   
2    26   2021 0    44   18   
2    27   2021 2    29   13   
2    28   2021 0    31   11   
3    1    2021 0    42   16   
3    2    2021 0    48   22   
3    3    2021 6    52   22   
3    4    2021 0    49   26   
3    5    2021 0    54   32   
3    6    2021 0    59   30   
3    7    2021 0    52   28   
3    8    2021 0    58   34   
3    9    2021 7    37   22   
3    10   2021 26   36   20   
3    11   2021 19   33   22   
3    12   2021 19   37   23   
3    13   2021 4    32   25   
3    14   2021 0    48   28   
3    15   2021 4    49   32   
3    16   2021 7    46   31   
3    17   2021 0    49   32   
3    18   2021 0    56   39   
3    19   2021 16   59   41   
3    20   2021 132  43   27   
3    21   2021 2    34   23   
3    22   2021 17   37   24   
3    23   2021 0    34   27   
3    24   2021 0    39   26   
3    25   2021 48   37   27   
3    26   2021 8    39   24   
3    27   2021 0    48   26   
3    28   2021 0    60   34   
3    29   2021 0    52   19   
3    30   2021 0    38   18   
3    31   2021 0    49   21   
4    1    2021 0    60   26   
4    2    2021 0    69   38   
4    3    2021 0    73   42   
4    4    2021 0    73   45   
4    5    2021 0    68   30   
4    6    2021 0    51   26   
4    7    2021 0    62   29   
4    8    2021 0    61   30   
4    9    2021 0    55   26   
4    10   2021 0    65   30   
4    11   2021 0    51   27   
4    12   2021 0    49   24   
4    13   2021 8    52   28   
4    14   2021 35   41   28   
4    15   2021 7    43   28   
4    16   2021 6    43   29   
4    17   2021 0    49   26   
4    18   2021 0    57   28   
4    19   2021 0    65   30   
4    20   2021 0    55   27   
4    21   2021 0    55   32   
4    22   2021 0    59   32   
4    23   2021 0    61   37   
4    24   2021 0    66   40   
4    25   2021 36   57   36   
4    26   2021 46   42   29   
4    27   2021 0    48   28   
4    28   2021 0    59   33   
4    29   2021 0    69   37   
4    30   2021 0    81   47   
5    1    2021 0    79   48   
5    2    2021 0    59   40   
5    3    2021 0    59   35   
5    4    2021 0    66   37   
5    5    2021 0    68   39   
5    6    2021 0    80   45   
5    7    2021 0    76   41   
5    8    2021 0    56   34   
5    9    2021 0    57   34   
5    10   2021 0    56   34   
5    11   2021 0    59   33   
5    12   2021 0    72   37   
5    13   2021 0    79   47   
5    14   2021 0    78   51   
5    15   2021 0    77   48   
5    16   2021 9    69   43   
5    17   2021 0    68   42   
5    18   2021 0    76   47   
5    19   2021 0    79   50   
5    20   2021 0    67   38   
5    21   2021 0    60   34   
5    22   2021 0    57   35   
5    23   2021 0    54   33   
5    24   2021 0    64   34   
5    25   2021 0    72   44   
5    26   2021 0    69   43   
5    27   2021 0    78   45   
5    28   2021 0    79   48   
5    29   2021 0    74   49   
5    30   2021 0    75   50   
5    31   2021 0    78   49   
6    1    2021 0    82   51   
6    2    2021 0    85   54   
6    3    2021 0    89   57   
6    4    2021 0    91   58   
6    5    2021 0    90   58   
6    6    2021 0    88   57   
6    7    2021 0    85   60   
6    8    2021 0    81   60   
6    9    2021 0    81   60   
6    10   2021 0    66   38   
6    11   2021 0    76   39   
6    12   2021 0    85   50   
6    13   2021 0    92   57   
6    14   2021 0    94   63   
6    15   2021 0    97   63   
6    16   2021 0    93   61   
6    17   2021 0    92   63   
6    18   2021 0    93   64   
6    19   2021 0    92   62   
6    20   2021 0    91   60   
6    21   2021 0    91   59   
6    22   2021 0    89   63   
6    23   2021 0    85   59   
6    24   2021 4    74   54   
6    25   2021 0    80   55   
6    26   2021 0    81   56   
6    27   2021 0    83   58   
6    28   2021 0    85   62   
6    29   2021 0    85   60   
6    30   2021 2    82   56   
7    1    2021 0    86   57   
7    2    2021 0    88   59   
7    3    2021 0    94   62   
7    4    2021 2    92   60   
7    5    2021 0    89   59   
7    6    2021 0    93   61   
7    7    2021 0    97   64   
7    8    2021 0    98   65   
7    9    2021 0    97   64   
7    10   2021 0    94   63   
7    11   2021 0    96   64   
7    12   2021 0    96   68   
7    13   2021 1    94   63   
7    14   2021 1    89   62   
7    15   2021 4    89   60   
7    16   2021 2    88   59   
7    17   2021 0    91   61   
7    18   2021 0    95   63   
7    19   2021 7    84   59   
7    20   2021 4    89   59   
7    21   2021 6    90   62   
7    22   2021 12   89   63   
7    23   2021 0    88   62   
7    24   2021 0    91   59   
7    25   2021 0    91   59   
7    26   2021 4    91   58   
7    27   2021 0    88   61   
7    28   2021 12   89   59   
7    29   2021 16   83   59   
7    30   2021 7    82   58   
7    31   2021 16   84   56   
8    1    2021 18   77   55   
8    2    2021 0    79   55   
8    3    2021 0    84   56   
8    4    2021 0    89   58   
8    5    2021 0    94   62   
8    6    2021 0    78   51   
8    7    2021 0    82   51   
8    8    2021 0    90   56   
8    9    2021 0    84   55   
8    10   2021 0    84   53   
8    11   2021 0    87   54   
8    12   2021 0    89   57   
8    13   2021 0    92   60   
8    14   2021 0    93   63   
8    15   2021 0    88   59   
8    16   2021 0    90   58   
8    17   2021 41   91   55   
8    18   2021 48   60   45   
8    19   2021 20   62   41   
8    20   2021 0    71   44   
8    21   2021 7    79   53   
8    22   2021 0    80   52   
8    23   2021 0    84   59   
8    24   2021 0    84   61   
8    25   2021 0    87   55   
8    26   2021 0    84   53   
8    27   2021 0    82   50   
8    28   2021 0    78   50   
8    29   2021 0    86   52   
8    30   2021 0    89   55   
8    31   2021 0    84   61   
9    1    2021 0    78   59   
9    2    2021 1    83   58   
9    3    2021 0    79   52   
9    4    2021 0    83   52   
9    5    2021 0    87   56   
9    6    2021 0    90   59   
9    7    2021 0    89   56   
9    8    2021 0    90   57   
9    9    2021 0    93   62   
9    10   2021 0    89   62   
9    11   2021 14   79   56   
9    12   2021 0    85   56   
9    13   2021 0    82   57   
9    14   2021 0    81   54   
9    15   2021 0    86   55   
9    16   2021 0    82   52   
9    17   2021 0    83   51   
9    18   2021 2    74   61   
9    19   2021 0    77   40   
9    20   2021 0    60   37   
9    21   2021 0    69   39   
9    22   2021 0    78   45   
9    23   2021 0    71   47   
9    24   2021 0    74   46   
9    25   2021 0    82   50   
9    26   2021 0    83   55   
9    27   2021 0    84   55   
9    28   2021 0    68   40   
9    29   2021 0    57   35   
9    30   2021 0    60   35   
10   1    2021 0    65   38   
10   2    2021 0    68   41   
10   3    2021 0    72   41   
10   4    2021 0    74   46   
10   5    2021 5    66   48   
10   6    2021 37   64   46   
10   7    2021 38   64   43   
10   8    2021 22   57   39   
10   9    2021 2    50   37   
10   10   2021 0    55   34   
10   11   2021 32   51   33   
10   12   2021 15   36   29   
10   13   2021 0    44   27   
10   14   2021 0    43   27   
10   15   2021 0    50   26   
10   16   2021 0    57   31   
10   17   2021 0    65   36   
10   18   2021 30   54   37   
10   19   2021 0    49   34   
10   20   2021 0    56   35   
10   21   2021 0    61   37   
10   22   2021 0    65   41   
10   23   2021 1    48   37   
10   24   2021 0    57   39   
10   25   2021 78   60   37   
10   26   2021 6    45   32   
10   27   2021 0    52   33   
10   28   2021 0    57   36   
10   29   2021 0    60   36   
10   30   2021 0    60   41   
10   31   2021 0    63   43   
11   1    2021 0    60   45   
11   2    2021 0    55   37   
11   3    2021 0    56   36   
11   4    2021 0    65   38   
11   5    2021 0    64   37   
11   6    2021 0    62   41   
11   7    2021 0    51   34   
11   8    2021 0    48   32   
11   9    2021 19   54   35   
11   10   2021 0    49   33   
11   11   2021 0    52   33   
11   12   2021 0    58   37   
11   13   2021 0    57   38   
11   14   2021 0    61   39   
11   15   2021 0    64   42   
11   16   2021 0    57   26   
11   17   2021 0    37   21   
11   18   2021 0    44   24   
11   19   2021 2    49   34   
11   20   2021 0    44   25   
11   21   2021 0    43   23   
11   22   2021 0    47   25   
11   23   2021 0    53   24   
11   24   2021 0    35   19   
11   25   2021 0    42   20   
11   26   2021 0    45   25   
11   27   2021 0    49   26   
11   28   2021 0    52   29   
11   29   2021 0    55   30   
11   30   2021 0    48   29   
12   1    2021 0    51   31   
12   2    2021 0    52   32   
12   3    2021 0    49   31   
12   4    2021 0    52   32   
12   5    2021 0    53   31   
12   6    2021 0    41   29   
12   7    2021 0    46   30   
12   8    2021 3    47   30   
12   9    2021 79   38   18   
12   10   2021 0    27   16   
12   11   2021 0    32   18   
12   12   2021 0    43   32   
12   13   2021 0    46   40   
12   14   2021 108  47   25   
12   15   2021 0    27   18   
12   16   2021 0    31   19   
12   17   2021 0    31   16   
12   18   2021 0    28   14   
12   19   2021 0    32   16   
12   20   2021 0    37   20   
12   21   2021 0    37   19   
12   22   2021 5    42   23   
12   23   2021 64   46   34   
12   24   2021 12   43   35   
12   25   2021 12   44   36   
12   26   2021 11   34   28   
12   27   2021 20   36   20   
12   28   2021 8    24   16   
12   29   2021 0    33   19   
12   30   2021 20   40   32   
12   31   2021 12   32   15   
1    1    2022 0    19   8    
1    2    2022 0    24   10   
1    3    2022 0    36   16   
1    4    2022 0    41   31   
1    5    2022 0    46   35   
1    6    2022 0    50   37   
1    7    2022 0    51   35   
1    8    2022 0    37   24   
1    9    2022 0    35   22   
1    10   2022 0    36   22   
1    11   2022 0    37   22   
1    12   2022 0    41   26   
1    13   2022 0    40   26   
1    14   2022 0    39   25   
1    15   2022 0    41   24   
1    16   2022 0    37   23   
1    17   2022 0    32   23   
1    18   2022 0    37   24   
1    19   2022 0    37   23   
1    20   2022 0    39   23   
1    21   2022 31   33   21   
1    22   2022 0    32   19   
1    23   2022 0    37   22   
1    24   2022 0    41   21   
1    25   2022 0    32   18   
1    26   2022 0    37   18   
1    27   2022 0    32   16   
1    28   2022 0    36   16   
1    29   2022 0    36   17   
1    30   2022 0    39   17   
1    31   2022 0    46   19   
2    1    2022 0    27   16   
2    2    2022 0    24   12   
2    3    2022 0    28   13   
2    4    2022 0    35   14   
2    5    2022 0    41   18   
2    6    2022 0    38   19   
2    7    2022 0    46   21   
2    8    2022 0    46   23   
2    9    2022 0    46   26   
2    10   2022 0    49   27   
2    11   2022 0    52   26   
2    12   2022 0    48   25   
2    13   2022 0    51   25   
2    14   2022 0    56   30   
2    15   2022 0    42   25   
2    16   2022 2    31   22   
2    17   2022 0    38   20   
2    18   2022 0    46   25   
2    19   2022 0    51   27   
2    20   2022 0    51   29   
2    21   2022 20   28   17   
2    22   2022 49   29   15   
2    23   2022 13   18   7    
2    24   2022 0    22   6    
2    25   2022 0    23   9    
2    26   2022 0    28   9    
2    27   2022 0    31   13   
2    28   2022 0    42   20   
3    1    2022 0    50   26   
3    2    2022 0    55   32   
3    3    2022 0    60   37   
3    4    2022 0    50   36   
3    5    2022 71   38   25   
3    6    2022 32   27   21   
3    7    2022 0    26   17   
3    8    2022 0    37   23   
3    9    2022 24   30   19   
3    10   2022 1    22   15   
3    11   2022 0    37   16   
3    12   2022 0    48   26   
3    13   2022 0    45   28   
3    14   2022 0    44   26   
3    15   2022 3    55   32   
3    16   2022 5    43   25   
3    17   2022 0    41   24   
3    18   2022 0    47   31   
3    19   2022 0    51   37   
3    20   2022 3    39   24   
3    21   2022 0    39   24   
3    22   2022 0    45   28   
3    23   2022 0    54   29   
3    24   2022 0    63   37   
3    25   2022 0    69   42   
3    26   2022 0    70   52   
3    27   2022 0    66   52   
3    28   2022 0    61   42   
3    29   2022 10   52   37   
3    30   2022 5    53   37   
3    31   2022 6    48   28   
4    1    2022 0    54   29   
4    2    2022 0    63   36   
4    3    2022 0    57   33   
4    4    2022 0    61   36   
4    5    2022 0    46   23   
4    6    2022 0    47   22   
4    7    2022 0    57   29   
4    8    2022 0    70   34   
4    9    2022 0    51   24   
4    10   2022 0    46   22   
4    11   2022 11   60   21   
4    12   2022 2    35   17   
4    13   2022 0    41   20   
4    14   2022 0    57   30   
4    15   2022 0    58   33   
4    16   2022 0    59   33   
4    17   2022 0    60   33   
4    18   2022 0    72   34   
4    19   2022 0    66   34   
4    20   2022 0    64   31   
4    21   2022 22   70   39   
4    22   2022 48   43   30   
4    23   2022 0    48   28   
4    24   2022 0    51   28   
4    25   2022 0    60   31   
4    26   2022 0    71   45   
4    27   2022 0    71   40   
4    28   2022 0    68   35   
4    29   2022 0    54   31   
4    30   2022 3    63   36   
5    1    2022 28   48   36   
5    2    2022 1    68   34   
5    3    2022 9    44   32   
5    4    2022 0    56   34   
5    5    2022 0    71   41   
5    6    2022 0    76   48   
5    7    2022 0    64   36   
5    8    2022 9    57   27   
5    9    2022 0    46   26   
5    10   2022 0    54   28   
5    11   2022 6    58   31   
5    12   2022 0    54   32   
5    13   2022 0    67   39   
5    14   2022 0    75   45   
5    15   2022 0    78   48   
5    16   2022 0    79   51   
5    17   2022 2    71   48   
5    18   2022 0    75   48   
5    19   2022 0    75   34   
5    20   2022 0    48   29   
5    21   2022 0    57   31   
5    22   2022 0    65   36   
5    23   2022 0    59   37   
5    24   2022 0    66   34   
5    25   2022 0    74   42   
5    26   2022 0    84   51   
5    27   2022 0    80   58   
5    28   2022 4    64   45   
5    29   2022 9    52   38   
5    30   2022 0    52   36   
5    31   2022 1    56   34   
6    1    2022 0    67   37   
6    2    2022 0    77   45   
6    3    2022 0    79   53   
6    4    2022 0    77   55   
6    5    2022 0    76   50   
6    6    2022 0    74   47   
6    7    2022 0    77   48   
6    8    2022 0    83   51   
6    9    2022 0    87   55   
6    10   2022 0    92   60   
6    11   2022 0    92   62   
6    12   2022 0    91   55   
6    13   2022 6    65   36   
6    14   2022 0    66   34   
6    15   2022 0    73   37   
6    16   2022 0    89   50   
6    17   2022 0    86   64   
6    18   2022 0    77   50   
6    19   2022 2    66   40   
6    20   2022 0    66   40   
6    21   2022 0    77   46   
6    22   2022 0    81   50   
6    23   2022 3    82   54   
6    24   2022 0    81   53   
6    25   2022 0    82   55   
6    26   2022 0    85   56   
6    27   2022 0    88   59   
6    28   2022 0    90   66   
6    29   2022 2    87   59   
6    30   2022 0    85   58   
7    1    2022 0    89   63   
7    2    2022 0    90   65   
7    3    2022 0    87   63   
7    4    2022 0    86   61   
7    5    2022 0    87   64   
7    6    2022 0    87   64   
7    7    2022 0    88   64   
7    8    2022 0    91   65   
7    9    2022 0    93   61   
7    10   2022 0    92   59   
7    11   2022 0    89   59   
7    12   2022 0    92   63   
7    13   2022 15   93   65   
7    14   2022 13   90   63   
7    15   2022 6    86   60   
7    16   2022 0    92   61   
7    17   2022 12   94   62   
7    18   2022 0    90   62   
7    19   2022 5    88   59   
7    20   2022 0    89   59   
7    21   2022 1    90   65   
7    22   2022 0    96   64   
7    23   2022 0    93   66   
7    24   2022 1    81   60   
7    25   2022 0    88   59   
7    26   2022 0    90   61   
7    27   2022 0    91   63   
7    28   2022 2    92   61   
7    29   2022 0    88   61   
7    30   2022 0    90   61   
7    31   2022 0    90   63   
8    1    2022 20   86   61   
8    2    2022 0    84   61   
8    3    2022 0    87   62   
8    4    2022 4    91   64   
8    5    2022 6    83   60   
8    6    2022 24   73   53   
8    7    2022 0    82   54   
8    8    2022 0    88   56   
8    9    2022 0    92   60   
8    10   2022 33   85   59   
8    11   2022 5    80   60   
8    12   2022 2    85   60   
8    13   2022 19   84   59   
8    14   2022 0    82   57   
8    15   2022 0    86   58   
8    16   2022 0    88   59   
8    17   2022 0    89   60   
8    18   2022 0    88   60   
8    19   2022 5    75   56   
8    20   2022 10   77   55   
8    21   2022 0    81   57   
8    22   2022 0    87   58   
8    23   2022 0    89   59   
8    24   2022 3    85   57   
8    25   2022 3    85   57   
8    26   2022 0    85   58   
8    27   2022 0    85   59   
8    28   2022 0    86   57   
8    29   2022 0    88   57   
8    30   2022 0    91   61   
8    31   2022 0    92   65   
9    1    2022 0    93   64   
9    2    2022 0    92   63   
9    3    2022 0    95   61   
9    4    2022 0    94   67   
9    5    2022 0    95   64   
9    6    2022 0    95   65   
9    7    2022 0    96   65   
9    8    2022 0    91   60   
9    9    2022 0    77   52   
9    10   2022 0    77   50   
9    11   2022 0    83   53   
9    12   2022 1    84   55   
9    13   2022 19   69   54   
9    14   2022 23   68   51   
9    15   2022 29   72   50   
9    16   2022 13   67   48   
9    17   2022 0    68   47   
9    18   2022 0    77   51   
9    19   2022 0    79   55   
9    20   2022 0    80   57   
9    21   2022 2    76   50   
9    22   2022 0    69   48   
9    23   2022 0    69   45   
9    24   2022 0    74   47   
9    25   2022 0    75   48   
9    26   2022 0    78   49   
9    27   2022 0    81   48   
9    28   2022 9    80   58   
9    29   2022 0    81   54   
9    30   2022 0    66   44   
10   1    2022 0    65   42   
10   2    2022 0    69   43   
10   3    2022 0    70   46   
10   4    2022 0    70   45   
10   5    2022 0    71   45   
10   6    2022 0    72   46   
10   7    2022 0    73   46   
10   8    2022 0    73   46   
10   9    2022 0    74   46   
10   10   2022 0    72   46   
10   11   2022 0    72   46   
10   12   2022 0    69   43   
10   13   2022 0    69   42   
10   14   2022 0    70   41   
10   15   2022 0    68   41   
10   16   2022 0    66   41   
10   17   2022 0    66   40   
10   18   2022 0    68   42   
10   19   2022 0    68   42   
10   20   2022 0    70   42   
10   21   2022 0    71   44   
10   22   2022 50   57   32   
10   23   2022 8    38   26   
10   24   2022 0    43   25   
10   25   2022 0    47   35   
10   26   2022 0    48   27   
10   27   2022 0    42   24   
10   28   2022 0    49   25   
10   29   2022 0    50   29   
10   30   2022 0    52   30   
10   31   2022 0    58   33   
11   1    2022 0    60   45   
11   2    2022 109  40   29   
11   3    2022 0    35   22   
11   4    2022 2    39   23   
11   5    2022 22   53   34   
11   6    2022 7    49   34   
11   7    2022 2    53   40   
11   8    2022 130  43   34   
11   9    2022 11   39   28   
11   10   2022 0    33   21   
11   11   2022 0    33   21   
11   12   2022 0    33   23   
11   13   2022 0    32   23   
11   14   2022 0    32   21   
11   15   2022 0    32   19   
11   16   2022 0    36   20   
11   17   2022 0    39   21   
11   18   2022 0    28   15   
11   19   2022 0    30   14   
11   20   2022 0    34   17   
11   21   2022 0    34   17   
11   22   2022 0    37   19   
11   23   2022 0    39   21   
11   24   2022 0    37   21   
11   25   2022 0    41   23   
11   26   2022 0    34   21   
11   27   2022 0    40   22   
11   28   2022 8    42   19   
11   29   2022 0    29   13   
11   30   2022 0    43   21   
12   1    2022 9    47   29   
12   2    2022 4    31   19   
12   3    2022 6    27   21   
12   4    2022 4    44   27   
12   5    2022 26   31   27   
12   6    2022 0    29   25   
12   7    2022 17   24   19   
12   8    2022 0    27   17   
12   9    2022 0    33   23   
12   10   2022 0    44   31   
12   11   2022 15   43   23   
12   12   2022 0    31   21   
12   13   2022 2    27   19   
12   14   2022 1    31   26   
12   15   2022 0    28   23   
12   16   2022 0    26   17   
12   17   2022 0    27   15   
12   18   2022 0    28   14   
12   19   2022 0    34   17   
12   20   2022 0    34   25   
12   21   2022 0    45   24   
12   22   2022 0    26   23   
12   23   2022 0    30   23   
12   24   2022 0    39   23   
12   25   2022 0    45   28   
12   26   2022 0    46   34   
12   27   2022 30   51   36   
12   28   2022 6    36   27   
12   29   2022 3    33   26   
12   30   2022 32   44   33   
12   31   2022 69   43   33   
1    1    2023 74   27   25   
1    2    2023 1    28   21   
1    3    2023 0    28   19   
1    4    2023 0    33   22   
1    5    2023 20   38   31   
1    6    2023 3    41   29   
1    7    2023 0    38   30   
1    8    2023 0    43   33   
1    9    2023 25   43   34   
1    10   2023 46   44   32   
1    11   2023 0    41   30   
1    12   2023 0    42   30   
1    13   2023 0    42   30   
1    14   2023 20   45   32   
1    15   2023 22   39   31   
1    16   2023 60   34   30   
1    17   2023 28   28   20   
1    18   2023 0    29   17   
1    19   2023 17   26   22   
1    20   2023 1    24   11   
1    21   2023 0    23   9    
1    22   2023 7    21   9    
1    23   2023 0    27   13   
1    24   2023 0    27   12   
1    25   2023 8    29   21   
1    26   2023 0    28   19   
1    27   2023 0    34   23   
1    28   2023 0    33   25   
1    29   2023 19   27   9    
1    30   2023 0    13   1    
1    31   2023 0    16   -1   
2    1    2023 0    19   5    
2    2    2023 0    24   9    
2    3    2023 0    24   14   
2    4    2023 0    33   14   
2    5    2023 82   36   16   
2    6    2023 0    32   21   
2    7    2023 0    34   19   
2    8    2023 0    36   17   
2    9    2023 0    30   14   
2    10   2023 0    31   15   
2    11   2023 0    27   18   
2    12   2023 0    31   15   
2    13   2023 2    34   16   
2    14   2023 41   23   16   
2    15   2023 0    21   10   
2    16   2023 0    27   10   
2    17   2023 0    28   14   
2    18   2023 0    34   15   
2    19   2023 0    37   21   
2    20   2023 0    40   27   
2    21   2023 22   38   21   
2    22   2023 0    20   11   
2    23   2023 0    22   12   
2    24   2023 0    48   25   
2    25   2023 0    54   32   
2    26   2023 35   51   25   
2    27   2023 0    29   18   
2    28   2023 14   41   17   
3    1    2023 6    53   28   
3    2    2023 0    31   18   
3    3    2023 0    34   21   
3    4    2023 3    36   26   
3    5    2023 40   37   22   
3    6    2023 9    28   21   
3    7    2023 0    31   21   
3    8    2023 4    36   20   
3    9    2023 4    39   21   
3    10   2023 52   47   31   
3    11   2023 17   36   29   
3    12   2023 5    44   32   
3    13   2023 0    46   34   
3    14   2023 30   45   38   
3    15   2023 41   39   24   
3    16   2023 0    34   21   
3    17   2023 0    34   21   
3    18   2023 0    40   23   
3    19   2023 19   43   29   
3    20   2023 16   42   26   
3    21   2023 59   38   26   
3    22   2023 15   38   29   
3    23   2023 17   40   30   
3    24   2023 17   31   22   
3    25   2023 0    28   20   
3    26   2023 0    27   18   
3    27   2023 0    34   19   
3    28   2023 0    51   27   
3    29   2023 52   50   27   
3    30   2023 2    39   26   
3    31   2023 0    45   28   
4    1    2023 0    57   32   
4    2    2023 27   55   28   
4    3    2023 37   29   17   
4    4    2023 4    29   16   
4    5    2023 2    35   18   
4    6    2023 0    43   21   
4    7    2023 0    54   27   
4    8    2023 0    58   34   
4    9    2023 0    61   36   
4    10   2023 0    70   41   
4    11   2023 0    73   50   
4    12   2023 0    69   35   
4    13   2023 0    42   26   
4    14   2023 0    45   25   
4    15   2023 0    56   27   
4    16   2023 0    66   34   
4    17   2023 0    66   40   
4    18   2023 2    53   26   
4    19   2023 0    41   23   
4    20   2023 0    45   25   
4    21   2023 0    56   32   
4    22   2023 0    51   31   
4    23   2023 4    57   33   
4    24   2023 0    59   32   
4    25   2023 0    52   30   
4    26   2023 0    60   33   
4    27   2023 0    68   37   
4    28   2023 0    67   36   
4    29   2023 0    77   40   
4    30   2023 0    80   52   
5    1    2023 0    75   53   
5    2    2023 0    68   47   
5    3    2023 3    68   43   
5    4    2023 4    61   37   
5    5    2023 2    54   36   
5    6    2023 3    53   35   
5    7    2023 0    57   36   
5    8    2023 0    64   36   
5    9    2023 0    61   38   
5    10   2023 4    61   38   
5    11   2023 0    62   39   
5    12   2023 0    66   42   
5    13   2023 25   62   43   
5    14   2023 9    63   44   
5    15   2023 0    74   48   
5    16   2023 0    75   49   
5    17   2023 2    74   49   
5    18   2023 0    73   48   
5    19   2023 0    74   47   
5    20   2023 0    76   48   
5    21   2023 0    79   52   
5    22   2023 4    74   52   
5    23   2023 7    73   49   
5    24   2023 6    71   45   
5    25   2023 11   69   44   
5    26   2023 2    71   46   
5    27   2023 2    68   46   
5    28   2023 0    68   48   
5    29   2023 0    76   47   
5    30   2023 0    76   50   
5    31   2023 0    74   48   
6    1    2023 3    72   48   
6    2    2023 1    70   48   
6    3    2023 3    65   47   
6    4    2023 0    71   48   
6    5    2023 4    77   51   
6    6    2023 4    77   55   
6    7    2023 0    74   51   
6    8    2023 2    68   48   
6    9    2023 0    69   47   
6    10   2023 7    73   47   
6    11   2023 9    70   46   
6    12   2023 2    67   45   
6    13   2023 0    71   51   
6    14   2023 21   73   52   
6    15   2023 3    68   47   
6    16   2023 0    69   47   
6    17   2023 0    76   52   
6    18   2023 0    81   56   
6    19   2023 3    79   46   
6    20   2023 0    66   43   
6    21   2023 0    69   42   
6    22   2023 0    75   47   
6    23   2023 0    73   50   
6    24   2023 0    77   50   
6    25   2023 0    80   51   
6    26   2023 0    80   53   
6    27   2023 0    75   53   
6    28   2023 6    75   48   
6    29   2023 0    76   47   
6    30   2023 0    79   52   
7    1    2023 0    84   55   
7    2    2023 0    88   59   
7    3    2023 0    90   61   
7    4    2023 0    83   58   
7    5    2023 0    83   57   
7    6    2023 0    86   59   
7    7    2023 0    86   58   
7    8    2023 0    86   56   
7    9    2023 0    89   59   
7    10   2023 0    86   62   
7    11   2023 0    89   61   
7    12   2023 0    89   60   
7    13   2023 0    88   60   
7    14   2023 0    84   57   
7    15   2023 0    90   57   
7    16   2023 0    97   63   
7    17   2023 0    96   71   
7    18   2023 24   88   61   
7    19   2023 9    83   57   
7    20   2023 0    85   57   
7    21   2023 0    92   62   
7    22   2023 0    95   65   
7    23   2023 0    95   71   
7    24   2023 3    91   62   
7    25   2023 2    89   62   
7    26   2023 2    89   64   
7    27   2023 0    91   64   
7    28   2023 0    92   62   
7    29   2023 0    92   64   
7    30   2023 0    91   66   
7    31   2023 3    89   64   
8    1    2023 24   82   58   
8    2    2023 20   72   55   
8    3    2023 11   82   53   
8    4    2023 0    83   53   
8    5    2023 0    84   54   
8    6    2023 0    82   54   
8    7    2023 0    85   56   
8    8    2023 0    80   53   
8    9    2023 0    84   54   
8    10   2023 0    87   59   
8    11   2023 1    86   58   
8    12   2023 0    84   57   
8    13   2023 0    85   56   
8    14   2023 0    86   57   
8    15   2023 6    89   61   
8    16   2023 0    88   61   
8    17   2023 0    90   64   
8    18   2023 2    86   62   
8    19   2023 8    80   58   
8    20   2023 25   64   57   
8    21   2023 4    78   57   
8    22   2023 15   70   53   
8    23   2023 15   79   58   
8    24   2023 5    81   58   
8    25   2023 0    84   60   
8    26   2023 0    86   63   
8    27   2023 0    86   61   
8    28   2023 0    87   59   
8    29   2023 0    91   56   
8    30   2023 0    84   54   
8    31   2023 0    88   55   
9    1    2023 5    71   58   
9    2    2023 2    79   58   
9    3    2023 17   78   50   
9    4    2023 2    68   46   
9    5    2023 0    75   47   
9    6    2023 0    79   51   
9    7    2023 0    83   57   
9    8    2023 0    84   57   
9    9    2023 0    79   57   
9    10   2023 3    78   56   
9    11   2023 0    79   52   
9    12   2023 0    79   57   
9    13   2023 2    77   54   
9    14   2023 0    73   50   
9    15   2023 0    75   49   
9    16   2023 0    77   51   
9    17   2023 0    80   53   
9    18   2023 0    79   56   
9    19   2023 0    77   55   
9    20   2023 0    77   52   
9    21   2023 42   54   41   
9    22   2023 0    60   37   
9    23   2023 0    65   41   
9    24   2023 0    75   46   
9    25   2023 0    80   48   
9    26   2023 0    80   51   
9    27   2023 0    82   47   
9    28   2023 0    73   44   
9    29   2023 0    79   45   
9    30   2023 13   70   45   
10   1    2023 15   59   45   
10   2    2023 16   51   42   
10   3    2023 0    55   42   
10   4    2023 0    59   44   
10   5    2023 0    63   44   
10   6    2023 0    66   45   
10   7    2023 0    69   47   
10   8    2023 0    73   49   
10   9    2023 0    76   49   
10   10   2023 0    74   50   
10   11   2023 8    51   41   
10   12   2023 0    52   37   
10   13   2023 0    56   37   
10   14   2023 0    62   41   
10   15   2023 0    66   42   
10   16   2023 0    70   45   
10   17   2023 0    68   45   
10   18   2023 0    66   45   
10   19   2023 0    69   46   
10   20   2023 0    71   46   
10   21   2023 0    70   46   
10   22   2023 0    72   47   
10   23   2023 0    61   44   
10   24   2023 0    60   43   
10   25   2023 9    67   41   
10   26   2023 9    45   29   
10   27   2023 0    47   27   
10   28   2023 0    37   24   
10   29   2023 0    36   17   
10   30   2023 0    41   20   
10   31   2023 0    47   22   
11   1    2023 0    53   27   
11   2    2023 0    60   31   
11   3    2023 0    63   38   
11   4    2023 0    63   37   
11   5    2023 0    62   46   
11   6    2023 0    68   44   
11   7    2023 17   42   32   
11   8    2023 0    42   26   
11   9    2023 0    43   25   
11   10   2023 0    47   26   
11   11   2023 0    50   25   
11   12   2023 0    53   28   
11   13   2023 0    57   36   
11   14   2023 0    61   36   
11   15   2023 23   59   37   
11   16   2023 5    55   39   
11   17   2023 0    52   37   
11   18   2023 9    50   35   
11   19   2023 14   41   28   
11   20   2023 0    37   23   
11   21   2023 0    41   23   
11   22   2023 0    45   25   
11   23   2023 37   35   28   
11   24   2023 15   30   25   
11   25   2023 0    31   17   
11   26   2023 0    30   15   
11   27   2023 0    31   18   
11   28   2023 0    36   18   
11   29   2023 6    32   21   
11   30   2023 0    32   22   
12   1    2023 2    34   25   
12   2    2023 1    39   31   
12   3    2023 0    48   39   
12   4    2023 0    51   34   
12   5    2023 0    50   32   
12   6    2023 0    53   32   
12   7    2023 1    45   33   
12   8    2023 0    33   20   
12   9    2023 0    32   19   
12   10   2023 0    37   23   
12   11   2023 0    36   23   
12   12   2023 0    35   24   
12   13   2023 0    37   24   
12   14   2023 0    41   22   
12   15   2023 0    39   23   
12   16   2023 0    39   23   
12   17   2023 0    37   21   
12   18   2023 0    36   25   
12   19   2023 0    43   28   
12   20   2023 0    44   30   
12   21   2023 0    47   31   
12   22   2023 2    45   31   
12   23   2023 8    34   18   
12   24   2023 0    31   16   
12   25   2023 0    32   17   
12   26   2023 0    31   16   
12   27   2023 0    34   24   
12   28   2023 0    41   24   
12   29   2023 0    44   25   
12   30   2023 0    43   26   
12   31   2023 0    39   19   
1    1    2024 0    38   17   
1    2    2024 0    40   16   
1    3    2024 25   29   20   
1    4    2024 2    29   21   
1    5    2024 2    30   15   
1    6    2024 3    31   18   
1    7    2024 7    25   15   
1    8    2024 0    25   12   
1    9    2024 0    35   18   
1    10   2024 51   37   14   
1    11   2024 0    26   10   
1    12   2024 0    36   20   
1    13   2024 7    40   25   
1    14   2024 3    40   29   
1    15   2024 0    35   17   
1    16   2024 9    33   16   
1    17   2024 3    43   28   
1    18   2024 0    45   31   
1    19   2024 0    42   31   
1    20   2024 0    46   31   
1    21   2024 0    43   33   
1    22   2024 2    44   32   
1    23   2024 6    41   33   
1    24   2024 0    44   31   
1    25   2024 6    41   27   
1    26   2024 0    40   27   
1    27   2024 0    46   29   
1    28   2024 0    48   30   
1    29   2024 0    49   30   
1    30   2024 0    52   29   
1    31   2024 0    54   31   
2    1    2024 17   50   40   
2    2    2024 83   36   31   
2    3    2024 0    38   24   
2    4    2024 0    40   25   
2    5    2024 25   43   37   
2    6    2024 47   42   35   
2    7    2024 56   38   31   
2    8    2024 10   38   29   
2    9    2024 18   32   26   
2    10   2024 0    29   22   
2    11   2024 0    34   19   
2    12   2024 0    42   22   
2    13   2024 0    42   28   
2    14   2024 0    46   33   
2    15   2024 0    45   32   
2    16   2024 0    46   27   
2    17   2024 0    38   25   
2    18   2024 0    50   30   
2    19   2024 4    51   30   
2    20   2024 29   44   32   
2    21   2024 0    42   29   
2    22   2024 0    42   27   
2    23   2024 0    44   27   
2    24   2024 0    60   37   
2    25   2024 0    53   25   
2    26   2024 0    41   21   
2    27   2024 0    47   20   
2    28   2024 0    46   20   
2    29   2024 0    50   24   
3    1    2024 0    54   41   
3    2    2024 83   44   21   
3    3    2024 31   28   23   
3    4    2024 2    33   22   
3    5    2024 0    43   28   
3    6    2024 10   46   32   
3    7    2024 2    37   21   
3    8    2024 0    33   18   
3    9    2024 0    43   21   
3    10   2024 0    52   32   
3    11   2024 0    48   37   
3    12   2024 41   46   31   
3    13   2024 1    34   23   
3    14   2024 0    39   24   
3    15   2024 0    45   28   
3    16   2024 0    49   33   
3    17   2024 0    52   32   
3    18   2024 0    55   31   
3    19   2024 0    57   34   
3    20   2024 0    60   36   
3    21   2024 0    57   37   
3    22   2024 0    60   37   
3    23   2024 41   51   30   
3    24   2024 30   40   28   
3    25   2024 6    42   29   
3    26   2024 11   42   28   
3    27   2024 0    50   29   
3    28   2024 50   50   34   
3    29   2024 16   45   34   
3    30   2024 43   45   36   
3    31   2024 18   44   30   
4    1    2024 3    46   28   
4    2    2024 0    56   28   
4    3    2024 0    64   37   
4    4    2024 0    62   45   
4    5    2024 5    45   27   
4    6    2024 1    41   22   
4    7    2024 0    45   21   
4    8    2024 0    46   22   
4    9    2024 0    54   24   
4    10   2024 0    60   32   
4    11   2024 0    67   40   
4    12   2024 0    72   47   
4    13   2024 0    68   46   
4    14   2024 7    59   37   
4    15   2024 11   48   32   
4    16   2024 0    61   36   
4    17   2024 0    61   29   
4    18   2024 0    53   28   
4    19   2024 0    59   35   
4    20   2024 0    66   37   
4    21   2024 0    75   40   
4    22   2024 0    71   43   
4    23   2024 0    72   44   
4    24   2024 0    73   44   
4    25   2024 7    61   41   
4    26   2024 72   45   36   
4    27   2024 13   52   35   
4    28   2024 0    57   37   
4    29   2024 0    65   34   
4    30   2024 0    59   32   
5    1    2024 0    52   29   
5    2    2024 0    61   29   
5    3    2024 0    54   35   
5    4    2024 0    69   35   
5    5    2024 33   49   27   
5    6    2024 0    52   29   
5    7    2024 0    46   27   
5    8    2024 0    48   27   
5    9    2024 0    54   35   
5    10   2024 0    59   35   
5    11   2024 0    65   35   
5    12   2024 0    71   44   
5    13   2024 0    76   46   
5    14   2024 0    71   45   
5    15   2024 0    68   44   
5    16   2024 0    73   45   
5    17   2024 0    78   46   
5    18   2024 0    74   45   
5    19   2024 0    70   46   
5    20   2024 0    58   35   
5    21   2024 0    58   34   
5    22   2024 0    72   39   
5    23   2024 0    57   34   
5    24   2024 4    62   40   
5    25   2024 0    61   43   
5    26   2024 0    70   44   
5    27   2024 0    77   44   
5    28   2024 0    81   48   
5    29   2024 0    76   43   
5    30   2024 0    70   42   
5    31   2024 0    73   48   
6    1    2024 0    80   51   
6    2    2024 0    79   57   
6    3    2024 0    73   52   
6    4    2024 0    74   52   
6    5    2024 0    83   57   
6    6    2024 0    90   59   
6    7    2024 9    86   56   
6    8    2024 0    86   57   
6    9    2024 0    88   59   
6    10   2024 0    82   57   
6    11   2024 0    87   59   
6    12   2024 0    93   62   
6    13   2024 0    90   63   
6    14   2024 0    87   63   
6    15   2024 0    85   53   
6    16   2024 0    76   50   
6    17   2024 0    72   36   
6    18   2024 0    62   37   
6    19   2024 0    73   46   
6    20   2024 0    82   53   
6    21   2024 0    85   55   
6    22   2024 0    91   59   
6    23   2024 0    93   69   
6    24   2024 0    91   63   
6    25   2024 0    92   64   
6    26   2024 15   86   61   
6    27   2024 0    86   56   
6    28   2024 0    82   54   
6    29   2024 0    90   56   
6    30   2024 0    91   58   
7    1    2024 0    79   55   
7    2    2024 0    80   49   
7    3    2024 0    83   52   
7    4    2024 0    82   52   
7    5    2024 0    85   52   
7    6    2024 0    88   55   
7    7    2024 0    87   55   
7    8    2024 0    87   55   
7    9    2024 0    93   55   
7    10   2024 0    97   61   
7    11   2024 0    98   64   
7    12   2024 0    97   64   
7    13   2024 0    95   68   
7    14   2024 0    93   61   
7    15   2024 0    87   60   
7    16   2024 0    87   60   
7    17   2024 0    90   63   
7    18   2024 2    90   62   
7    19   2024 0    90   62   
7    20   2024 0    92   63   
7    21   2024 0    91   62   
7    22   2024 0    92   64   
7    23   2024 0    92   66   
7    24   2024 13   92   63   
7    25   2024 17   88   59   
7    26   2024 10   86   58   
7    27   2024 0    87   56   
7    28   2024 0    87   56   
7    29   2024 0    89   61   
7    30   2024 0    89   56   
7    31   2024 0    87   56   
8    1    2024 0    92   59   
8    2    2024 0    95   63   
8    3    2024 10   92   65   
8    4    2024 0    91   64   
8    5    2024 0    93   64   
8    6    2024 0    95   67   
8    7    2024 0    92   65   
8    8    2024 0    89   65   
8    9    2024 0    89   66   
8    10   2024 2    91   63   
8    11   2024 2    87   62   
8    12   2024 59   80   57   
8    13   2024 3    81   57   
8    14   2024 0    84   56   
8    15   2024 0    87   57   
8    16   2024 0    89   56   
8    17   2024 27   76   56   
8    18   2024 2    83   59   
8    19   2024 0    87   60   
8    20   2024 0    91   62   
8    21   2024 0    86   60   
8    22   2024 0    84   59   
8    23   2024 0    83   61   
8    24   2024 0    79   52   
8    25   2024 0    68   46   
8    26   2024 0    71   44   
8    27   2024 0    82   46   
8    28   2024 0    85   51   
8    29   2024 0    77   46   
8    30   2024 0    81   47   
8    31   2024 0    83   51   
9    1    2024 0    88   56   
9    2    2024 0    87   65   
9    3    2024 6    82   55   
9    4    2024 0    76   52   
9    5    2024 0    77   50   
9    6    2024 0    82   52   
9    7    2024 0    86   57   
9    8    2024 0    84   60   
9    9    2024 0    84   62   
9    10   2024 0    84   62   
9    11   2024 0    81   52   
9    12   2024 0    64   43   
9    13   2024 0    69   42   
9    14   2024 0    79   46   
9    15   2024 0    78   57   
9    16   2024 0    71   50   
9    17   2024 0    60   43   
9    18   2024 0    64   45   
9    19   2024 0    68   46   
9    20   2024 0    72   48   
9    21   2024 0    71   46   
9    22   2024 0    71   46   
9    23   2024 0    71   46   
9    24   2024 0    75   47   
9    25   2024 0    83   51   
9    26   2024 0    82   53   
9    27   2024 0    81   52   
9    28   2024 0    86   52   
9    29   2024 0    87   54   
9    30   2024 0    72   47   
10   1    2024 0    73   45   
10   2    2024 0    80   47   
10   3    2024 0    76   48   
10   4    2024 0    84   49   
10   5    2024 0    77   53   
10   6    2024 0    79   50   
10   7    2024 0    75   52   
10   8    2024 0    77   52   
10   9    2024 0    80   52   
10   10   2024 0    79   58   
10   11   2024 0    79   57   
10   12   2024 0    76   50   
10   13   2024 0    72   47   
10   14   2024 0    72   47   
10   15   2024 0    71   47   
10   16   2024 4    73   49   
10   17   2024 28   55   33   
10   18   2024 0    43   32   
10   19   2024 0    53   32   
10   20   2024 0    58   35   
10   21   2024 0    65   39   
10   22   2024 0    68   41   
10   23   2024 0    72   40   
10   24   2024 0    49   31   
10   25   2024 0    55   31   
10   26   2024 0    62   37   
10   27   2024 0    64   43   
10   28   2024 35   56   34   
10   29   2024 6    39   26   
10   30   2024 0    43   23   
10   31   2024 0    49   27   
11   1    2024 0    49   36   
11   2    2024 20   47   34   
11   3    2024 6    39   27   
11   4    2024 0    41   26   
11   5    2024 0    38   23   
11   6    2024 0    35   20   
11   7    2024 0    39   19   
11   8    2024 0    42   23   
11   9    2024 0    50   27   
11   10   2024 0    54   29   
11   11   2024 6    62   33   
11   12   2024 37   41   26   
11   13   2024 0    45   26   
11   14   2024 0    47   25   
11   15   2024 0    45   24   
11   16   2024 0    34   21   
11   17   2024 0    39   19   
11   18   2024 0    37   19   
11   19   2024 0    34   17   
11   20   2024 0    42   23   
11   21   2024 0    52   28   
11   22   2024 0    52   34   
11   23   2024 39   59   31   
11   24   2024 9    38   25   
11   25   2024 2    38   25   
11   26   2024 31   38   28   
11   27   2024 0    33   20   
11   28   2024 0    34   18   
11   29   2024 8    36   18   
11   30   2024 0    38   21   
12   1    2024 0    36   22   
12   2    2024 0    37   25   
12   3    2024 0    43   25   
12   4    2024 0    43   26   
12   5    2024 0    41   25   
12   6    2024 0    40   25   
12   7    2024 0    44   25   
12   8    2024 0    43   25   
12   9    2024 0    33   19   
12   10   2024 0    36   18   
12   11   2024 0    39   21   
12   12   2024 0    34   22   
12   13   2024 1    43   28   
12   14   2024 0    49   35   
12   15   2024 0    41   27   
12   16   2024 0    43   29   
12   17   2024 0    47   31   
12   18   2024 0    50   29   
12   19   2024 0    48   28   
12   20   2024 0    47   27   
12   21   2024 0    47   28   
12   22   2024 0    45   33   
12   23   2024 0    51   32   
12   24   2024 29   47   30   
12   25   2024 11   39   28   
12   26   2024 12   45   32   
12   27   2024 15   48   36   
12   28   2024 1    52   36   
12   29   2024 4    56   34   
12   30   2024 0    34   21   
12   31   2024 0    30   18   
1    1    2025 0    48   30   
1    2    2025 0    55   39   
1    3    2025 9    58   40   
1    4    2025 4    44   29   
1    5    2025 0    43   29   
1    6    2025 8    43   35   
1    7    2025 0    37   24   
1    8    2025 0    40   23   
1    9    2025 0    38   22   
1    10   2025 1    47   22   
1    11   2025 3    40   30   
1    12   2025 2    35   22   
1    13   2025 0    35   19   
1    14   2025 0    39   20   
1    15   2025 0    43   22   
1    16   2025 0    47   24   
1    17   2025 0    49   21   
1    18   2025 0    31   15   
1    19   2025 0    35   16   
1    20   2025 0    28   12   
1    21   2025 0    45   13   
1    22   2025 0    40   15   
1    23   2025 0    41   15   
1    24   2025 0    49   27   
1    25   2025 35   32   27   
1    26   2025 0    33   19   
1    27   2025 0    38   18   
1    28   2025 0    40   18   
1    29   2025 0    44   20   
1    30   2025 0    48   21   
1    31   2025 0    45   19   
2    1    2025 0    50   37   
2    2    2025 0    60   49   
2    3    2025 0    62   50   
2    4    2025 0    62   50   
2    5    2025 0    57   27   
2    6    2025 0    52   28   
2    7    2025 11   54   22   
2    8    2025 0    39   16   
2    9    2025 0    35   13   
2    10   2025 0    34   14   
2    11   2025 0    26   8    
2    12   2025 0    30   6    
2    13   2025 18   41   17   
2    14   2025 20   46   30   
2    15   2025 0    41   23   
2    16   2025 0    46   24   
2    17   2025 0    49   24   
2    18   2025 0    42   22   
2    19   2025 48   45   23   
2    20   2025 54   37   22   
2    21   2025 0    39   21   
2    22   2025 0    44   26   
2    23   2025 0    51   30   
2    24   2025 15   60   41   
2    25   2025 0    58   37   
2    26   2025 0    52   34   
2    27   2025 0    58   32   
2    28   2025 4    54   35   
3    1    2025 0    57   35   
3    2    2025 0    55   27   
3    3    2025 6    40   27   
3    4    2025 0    45   28   
3    5    2025 21   39   29   
3    6    2025 68   36   26   
3    7    2025 0    31   23   
3    8    2025 0    40   23   
3    9    2025 0    50   27   
3    10   2025 0    54   31   
3    11   2025 0    54   33   
3    12   2025 0    49   34   
3    13   2025 26   43   21   
3    14   2025 9    34   20   
3    15   2025 4    38   25   
3    16   2025 0    57   33   
3    17   2025 39   56   28   
3    18   2025 36   28   21   
3    19   2025 0    37   19   
3    20   2025 0    43   29   
3    21   2025 4    48   30   
3    22   2025 0    51   32   
3    23   2025 0    53   32   
3    24   2025 0    61   36   
3    25   2025 0    63   38   
3    26   2025 0    70   41   
3    27   2025 0    67   45   
3    28   2025 0    53   37   
3    29   2025 39   41   30   
3    30   2025 0    52   30   
3    31   2025 29   55   28   
4    1    2025 6    38   26   
4    2    2025 8    35   24   
4    3    2025 0    42   23   
4    4    2025 0    44   26   
4    5    2025 0    48   27   
4    6    2025 0    56   30   
4    7    2025 0    66   38   
4    8    2025 0    65   41   
4    9    2025 0    66   39   
4    10   2025 0    73   41   
4    11   2025 0    77   47   
4    12   2025 0    70   39   
4    13   2025 0    53   32   
4    14   2025 0    58   32   
4    15   2025 0    68   37   
4    16   2025 0    68   44   
4    17   2025 4    48   27   
4    18   2025 8    41   25   
4    19   2025 0    52   27   
4    20   2025 0    64   37   
4    21   2025 0    63   37   
4    22   2025 0    66   37   
4    23   2025 0    67   44   
4    24   2025 4    62   43   
4    25   2025 0    68   43   
4    26   2025 0    66   42   
4    27   2025 36   50   31   
4    28   2025 9    52   32   
4    29   2025 0    61   39   
4    30   2025 3    58   38   
5    1    2025 0    63   37   
5    2    2025 0    69   39   
5    3    2025 0    75   46   
5    4    2025 35   57   42   
5    5    2025 1    57   36   
5    6    2025 0    55   36   
5    7    2025 0    66   40   
5    8    2025 0    73   48   
5    9    2025 0    77   51   
5    10   2025 0    81   53   
5    11   2025 0    79   60   
5    12   2025 0    79   41   
5    13   2025 19   47   31   
5    14   2025 2    54   35   
5    15   2025 0    62   38   
5    16   2025 0    63   43   
5    17   2025 55   65   39   
5    18   2025 33   53   35   
5    19   2025 0    54   36   
5    20   2025 0    70   41   
5    21   2025 0    67   42   
5    22   2025 0    81   45   
5    23   2025 0    76   47   
5    24   2025 0    73   48   
5    25   2025 0    73   48   
5    26   2025 0    79   50   
5    27   2025 0    80   52   
5    28   2025 0    83   54   
5    29   2025 0    83   59   
5    30   2025 0    85   55   
5    31   2025 0    85   55   
6    1    2025 0    88   58   
6    2    2025 0    76   47   
6    3    2025 0    72   46   
6    4    2025 0    71   45   
6    5    2025 0    73   48   
6    6    2025 0    77   51   
6    7    2025 0    82   55   
6    8    2025 0    84   55   
6    9    2025 0    86   57   
6    10   2025 0    87   59   
6    11   2025 0    91   59   
6    12   2025 0    89   57   
6    13   2025 0    88   57   
6    14   2025 0    89   59   
6    15   2025 0    91   58   
6    16   2025 0    86   58   
6    17   2025 0    81   56   
6    18   2025 0    90   59   
6    19   2025 0    94   64   
6    20   2025 0    88   48   
6    21   2025 0    68   38   
6    22   2025 0    62   37   
6    23   2025 0    70   45   
6    24   2025 0    76   51   
6    25   2025 0    79   54   
6    26   2025 0    87   57   
6    27   2025 0    88   60   
6    28   2025 0    87   58   
6    29   2025 0    88   60   
6    30   2025 0    91   61   
7    1    2025 0    91   68   
7    2    2025 0    85   62   
7    3    2025 0    83   61   
7    4    2025 0    84   56   
7    5    2025 0    86   55   
7    6    2025 0    85   54   
7    7    2025 0    89   56   
7    8    2025 0    92   61   
7    9    2025 0    93   61   
7    10   2025 0    84   56   
7    11   2025 0    85   57   
7    12   2025 0    88   58   
7    13   2025 0    91   60   
7    14   2025 0    93   60   
7    15   2025 0    93   63   
7    16   2025 0    88   63   
7    17   2025 0    90   63   
7    18   2025 8    85   61   
7    19   2025 0    87   61   
7    20   2025 0    89   62   
7    21   2025 0    86   64   
7    22   2025 0    85   61   
7    23   2025 0    85   59   
7    24   2025 0    85   59   
7    25   2025 0    85   57   
7    26   2025 0    85   59   
7    27   2025 0    86   59   
7    28   2025 0    89   58   
7    29   2025 0    91   59   
7    30   2025 0    89   60   
7    31   2025 0    87   57   
8    1    2025 0    87   56   
8    2    2025 0    84   57   
8    3    2025 0    88   56   
8    4    2025 0    89   57   
8    5    2025 0    88   56   
8    6    2025 0    91   63   
8    7    2025 0    91   57   
8    8    2025 0    81   54   
8    9    2025 0    78   50   
8    10   2025 0    80   51   
8    11   2025 0    85   54   
8    12   2025 0    90   57   
8    13   2025 0    94   63   
8    14   2025 0    91   63   
8    15   2025 0    88   63   
8    16   2025 0    85   63   
8    17   2025 0    85   61   
8    18   2025 0    88   59   
8    19   2025 0    92   59   
8    20   2025 0    92   63   
8    21   2025 0    87   65   
8    22   2025 2    90   66   
8    23   2025 3    88   63   
8    24   2025 28   83   58   
8    25   2025 11   80   58   
8    26   2025 12   68   55   
8    27   2025 19   73   51   
8    28   2025 0    73   51   
8    29   2025 11   74   50   
8    30   2025 0    79   51   
8    31   2025 0    83   53   
9    1    2025 0    88   57   
9    2    2025 0    89   59   
9    3    2025 0    86   61   
9    4    2025 0    80   60   
9    5    2025 9    82   59   
9    6    2025 0    79   56   
9    7    2025 0    83   58   
9    8    2025 0    82   59   
9    9    2025 0    82   59   
9    10   2025 0    79   55   
9    11   2025 0    76   49   
9    12   2025 0    73   48   
9    13   2025 0    73   49   
9    14   2025 0    80   51   
9    15   2025 0    77   50   
9    16   2025 0    72   47   
9    17   2025 0    73   46   
9    18   2025 0    76   49   
9    19   2025 2    74   56   
9    20   2025 9    76   54   
9    21   2025 19   77   52   
9    22   2025 0    70   46   
9    23   2025 0    67   44   
9    24   2025 0    75   46   
9    25   2025 0    79   49   
9    26   2025 0    75   52   
9    27   2025 0    75   51   
9    28   2025 0    73   55   
9    29   2025 0    74   54   
9    30   2025 81   60   48   
10   1    2025 0    70   48   
10   2    2025 0    76   54   
10   3    2025 29   73   46   
10   4    2025 15   53   41   
10   5    2025 0    55   39   
10   6    2025 0    55   37   
10   7    2025 0    60   37   
10   8    2025 0    73   41   
10   9    2025 16   77   55   
10   10   2025 12   71   56   
10   11   2025 47   70   38   
10   12   2025 0    53   37   
10   13   2025 3    63   42   
10   14   2025 17   61   46   
10   15   2025 13   50   37   
10   16   2025 0    51   35   
10   17   2025 0    56   36   
10   18   2025 0    62   40   
10   19   2025 0    71   40   
10   20   2025 0    52   33   
10   21   2025 0    56   33   
10   22   2025 0    53   36   
10   23   2025 0    58   37   
10   24   2025 0    60   36   
10   25   2025 0    63   42   
10   26   2025 0    56   37   
10   27   2025 0    46   25   
10   28   2025 0    48   25   
10   29   2025 0    54   29   
10   30   2025 0    55   31   
10   31   2025 0    58   36   
11   1    2025 0    63   37   
11   2    2025 0    67   38   
11   3    2025 0    68   39   
11   4    2025 0    68   45   
11   5    2025 0    65   45   
11   6    2025 0    56   36   
11   7    2025 0    55   33   
11   8    2025 0    50   31   
11   9    2025 0    53   31   
11   10   2025 0    58   33   
11   11   2025 0    61   36   
11   12   2025 0    56   37   
11   13   2025 0    65   47   
11   14   2025 0    61   44   
11   15   2025 4    58   43   
11   16   2025 20   50   37   
11   17   2025 0    49   35   
11   18   2025 2    49   37   
11   19   2025 4    50   33   
11   20   2025 0    46   30   
11   21   2025 0    44   28   
11   22   2025 0    43   27   
11   23   2025 0    44   27   
11   24   2025 0    49   28   
11   25   2025 0    41   24   
11   26   2025 0    47   27   
11   27   2025 0    50   28   
11   28   2025 0    54   28   
11   29   2025 0    40   26   
11   30   2025 2    38   20   
12   1    2025 0    36   18   
12   2    2025 7    41   29   
12   3    2025 0    34   21   
12   4    2025 0    36   19   
12   5    2025 2    46   33   
12   6    2025 4    48   30   
12   7    2025 0    47   29   
12   8    2025 0    50   31   
12   9    2025 0    55   36   
12   10   2025 0    57   37   
12   11   2025 0    57   36   
12   12   2025 0    52   34   
12   13   2025 0    51   30   
12   14   2025 0    46   27   
12   15   2025 0    48   26   
12   16   2025 0    52   32   
12   17   2025 0    63   29   
12   18   2025 0    52   27   
12   19   2025 0    64   48   
12   20   2025 0    52   42   
12   21   2025 0    57   46   
12   22   2025 0    63   51   
12   23   2025 0    61   48   
12   24   2025 27   56   49   
12   25   2025 2    53   45   
12   26   2025 5    50   40   
12   27   2025 4    43   23   
12   28   2025 0    31   18   
12   29   2025 0    34   17   
12   30   2025 0    39   18   
12   31   2025 0    37   18   
1    1    2026 31   45   32   
1    2    2026 3    48   36   
1    3    2026 0    47   39   
1    4    2026 3    47   39   
1    5    2026 5    45   32   
1    6    2026 0    46   30   
1    7    2026 0    43   28   
1    8    2026 5    30   18   
1    9    2026 0    29   14   
1    10   2026 0    34   16   
1    11   2026 0    36   19   
1    12   2026 0    39   19   
1    13   2026 0    45   24   
1    14   2026 0    46   24   
1    15   2026 0    47   24   
1    16   2026 0    41   22   
1    17   2026 0    40   21   
1    18   2026 0    43   22   
1    19   2026 0    40   20   
1    20   2026 0    43   20   
1    21   2026 0    43   21   
1    22   2026 0    42   21   
1    23   2026 12   40   21   
1    24   2026 0    29   13   
1    25   2026 0    36   13   
1    26   2026 0    42   17   
1    27   2026 0    45   22   
1    28   2026 0    43   22   
1    29   2026 0    42   21   
1    30   2026 0    46   23   
1    31   2026 0    49   25   
2    1    2026 0    48   27   
2    2    2026 0    48   28   
2    3    2026 0    50   26   
2    4    2026 0    50   25   
2    5    2026 0    49   28   
2    6    2026 0    55   27   
2    7    2026 0    55   35   
2    8    2026 0    59   34   
2    9    2026 0    46   32   
2    10   2026 5    39   32   
2    11   2026 26   49   34   
2    12   2026 17   46   32   
2    13   2026 0    41   30   
2    14   2026 0    47   29   
2    15   2026 0    50   38   
2    16   2026 17   53   37   
2    17   2026 8    41   34   
2    18   2026 32   33   17   
2    19   2026 17   30   17   
2    20   2026 0    31   21   
2    21   2026 0    37   22   
2    22   2026 0    43   27   
2    23   2026 0    49   31   
2    24   2026 7    58   42   
2    25   2026 0    56   38   
2    26   2026 0    50   33   
2    27   2026 0    57   34   
2    28   2026 0    55   36   
3    1    2026 0    57   37   
3    2    2026 46   42   32   
3    3    2026 0    46   30   
3    4    2026 0    55   31   
3    5    2026 6    38   29   
3    6    2026 0    38   25   
3    7    2026 0    44   25   
3    8    2026 0    55   33   
3    9    2026 0    64   42   
3    10   2026 0    59   27   
3    11   2026 0    48   25   
3    12   2026 0    64   40   
3    13   2026 0    66   41   
3    14   2026 0    60   31   
3    15   2026 0    41   28   
3    16   2026 0    57   35   
3    17   2026 0    67   40   
3    18   2026 0    75   46   
3    19   2026 0    76   46   
3    20   2026 0    77   47   
3    21   2026 0    76   46   
3    22   2026 0    62   42   
3    23   2026 0    69   43   
3    24   2026 0    78   46   
3    25   2026 0    82   51   
3    26   2026 0    59   32   
3    27   2026 0    57   32   
3    28   2026 0    70   41   
3    29   2026 0    72   46   
3    30   2026 0    70   46   
3    31   2026 31   62   42   
4    1    2026 41   53   39   
4    2    2026 6    49   27   
4    3    2026 0    43   24   
4    4    2026 0    54   28   
4    5    2026 0    63   32   
4    6    2026 0    67   36   
4    7    2026 0    70   41   
4    8    2026 0    69   42   
4    9    2026 0    70   47   
4    10   2026 0    71   49   
4    11   2026 0    61   47   
4    12   2026 10   61   32   
4    13   2026 2    54   32   
4    14   2026 0    55   34   
4    15   2026 0    65   39   
4    16   2026 0    52   22   
4    17   2026 0    44   19   
4    18   2026 0    57   25   
4    19   2026 0    70   34   
4    20   2026 0    75   43   
4    21   2026 0    73   43   
4    22   2026 0    53   33   
4    23   2026 0    57   32   
4    24   2026 0    65   32   
4    25   2026 6    58   31   
4    26   2026 48   46   36   
4    27   2026 28   41   31   
4    28   2026 0    53   31   
4    29   2026 0    58   35   
4    30   2026 0    58   36   
5    1    2026 0    61   36   
5    2    2026 0    68   39   
5    3    2026 0    72   47   
5    4    2026 0    68   47   
5    5    2026 19   60   43   
5    6    2026 0    60   41   
5    7    2026 0    73   46   
5    8    2026 0    75   48   
5    9    2026 0    70   44   
5    10   2026 0    75   44   
5    11   2026 0    86   52   
5    12   2026 0    87   58   
5    13   2026 0    82   47   
5    14   2026 0    70   43   
5    15   2026 0    73   46   
5    16   2026 0    64   42   
5    17   2026 34   47   33   
5    18   2026 0    52   32   
5    19   2026 0    58   33   
5    20   2026 0    65   39   
5    21   2026 0    69   44   
5    22   2026 0    69   43   
5    23   2026 0    77   50   
5    24   2026 0    81   54   
5    25   2026 0    79   55   
5    26   2026 0    75   56   
5    27   2026 0    72   30   
5    28   2026 0    72   48   
5    29   2026 15   65   47   
5    30   2026 0    68   47   
5    31   2026 0    71   47   
6    1    2026 0    75   48   
6    2    2026 0    79   51   
6    3    2026 0    85   55   
6    4    2026 0    84   55   
6    5    2026 0    87   55   
6    6    2026 0    87   60   
6    7    2026 0    75   45   
6    8    2026 0    80   46   
6    9    2026 0    76   48   
6    10   2026 0    79   44   
6    11   2026 0    69   41   
6    12   2026 0    82   45   
6    13   2026 0    82   55   
6    14   2026 0    82   55   
6    15   2026 0    85   54   
6    16   2026 0    87   56   
6    17   2026 0    88   57   
6    18   2026 0    84   53   
6    19   2026 0    89   58   
6    20   2026 11   84   56   
6    21   2026 0    82   55   
6    22   2026 0    88   59   
6    23   2026 0    91   61   
6    24   2026 7    90   57   
6    25   2026 0    87   59   
6    26   2026 0    86   59   
6    27   2026 0    74   48   
6    28   2026 0    61   39   
6    29   2026 0    68   40   
6    30   2026 0    76   50   
7    1    2026 0    81   56   
7    2    2026 0    80   55   
7    3    2026 0    85   59   
7    4    2026 0    88   57   
7    5    2026 0    90   63   
7    6    2026 0    90   61   
7    7    2026 0    87   59   
7    7    2026 9999 9999 9999 
7    8    2026 9999 9999 9999 
7    9    2026 9999 9999 9999 
7    10   2026 9999 9999 9999 
7    11   2026 9999 9999 9999 
7    12   2026 9999 9999 9999 
7    13   2026 9999 9999 9999 
7    14   2026 9999 9999 9999 
7    15   2026 9999 9999 9999 
7    16   2026 9999 9999 9999 
7    17   2026 9999 9999 9999 
7    18   2026 9999 9999 9999 
7    19   2026 9999 9999 9999 
7    20   2026 9999 9999 9999 
7    21   2026 9999 9999 9999 
7    22   2026 9999 9999 9999 
7    23   2026 9999 9999 9999 
7    24   2026 9999 9999 9999 
7    25   2026 9999 9999 9999 
7    26   2026 9999 9999 9999 
7    27   2026 9999 9999 9999 
7    28   2026 9999 9999 9999 
7    29   2026 9999 9999 9999 
7    30   2026 9999 9999 9999 
7    31   2026 9999 9999 9999 
8    1    2026 9999 9999 9999 
8    2    2026 9999 9999 9999 
8    3    2026 9999 9999 9999 
8    4    2026 9999 9999 9999 
8    5    2026 9999 9999 9999 
8    6    2026 9999 9999 9999 
8    7    2026 9999 9999 9999 
8    8    2026 9999 9999 9999 
8    9    2026 9999 9999 9999 
8    10   2026 9999 9999 9999 
8    11   2026 9999 9999 9999 
8    12   2026 9999 9999 9999 
8    13   2026 9999 9999 9999 
8    14   2026 9999 9999 9999 
8    15   2026 9999 9999 9999 
8    16   2026 9999 9999 9999 
8    17   2026 9999 9999 9999 
8    18   2026 9999 9999 9999 
8    19   2026 9999 9999 9999 
8    20   2026 9999 9999 9999 
8    21   2026 9999 9999 9999 
8    22   2026 9999 9999 9999 
8    23   2026 9999 9999 9999 
8    24   2026 9999 9999 9999 
8    25   2026 9999 9999 9999 
8    26   2026 9999 9999 9999 
8    27   2026 9999 9999 9999 
8    28   2026 9999 9999 9999 
8    29   2026 9999 9999 9999 
8    30   2026 9999 9999 9999 
8    31   2026 9999 9999 9999 
9    1    2026 9999 9999 9999 
9    2    2026 9999 9999 9999 
9    3    2026 9999 9999 9999 
9    4    2026 9999 9999 9999 
9    5    2026 9999 9999 9999 
9    6    2026 9999 9999 9999 
9    7    2026 9999 9999 9999 
9    8    2026 9999 9999 9999 
9    9    2026 9999 9999 9999 
9    10   2026 9999 9999 9999 
9    11   2026 9999 9999 9999 
9    12   2026 9999 9999 9999 
9    13   2026 9999 9999 9999 
9    14   2026 9999 9999 9999 
9    15   2026 9999 9999 9999 
9    16   2026 9999 9999 9999 
9    17   2026 9999 9999 9999 
9    18   2026 9999 9999 9999 
9    19   2026 9999 9999 9999 
9    20   2026 9999 9999 9999 
9    21   2026 9999 9999 9999 
9    22   2026 9999 9999 9999 
9    23   2026 9999 9999 9999 
9    24   2026 9999 9999 9999 
9    25   2026 9999 9999 9999 
9    26   2026 9999 9999 9999 
9    27   2026 9999 9999 9999 
9    28   2026 9999 9999 9999 
9    29   2026 9999 9999 9999 
9    30   2026 9999 9999 9999 
10   1    2026 9999 9999 9999 
10   2    2026 9999 9999 9999 
10   3    2026 9999 9999 9999 
10   4    2026 9999 9999 9999 
10   5    2026 9999 9999 9999 
10   6    2026 9999 9999 9999 
10   7    2026 9999 9999 9999 
10   8    2026 9999 9999 9999 
10   9    2026 9999 9999 9999 
10   10   2026 9999 9999 9999 
10   11   2026 9999 9999 9999 
10   12   2026 9999 9999 9999 
10   13   2026 9999 9999 9999 
10   14   2026 9999 9999 9999 
10   15   2026 9999 9999 9999 
10   16   2026 9999 9999 9999 
10   17   2026 9999 9999 9999 
10   18   2026 9999 9999 9999 
10   19   2026 9999 9999 9999 
10   20   2026 9999 9999 9999 
10   21   2026 9999 9999 9999 
10   22   2026 9999 9999 9999 
10   23   2026 9999 9999 9999 
10   24   2026 9999 9999 9999 
10   25   2026 9999 9999 9999 
10   26   2026 9999 9999 9999 
10   27   2026 9999 9999 9999 
10   28   2026 9999 9999 9999 
10   29   2026 9999 9999 9999 
10   30   2026 9999 9999 9999 
10   31   2026 9999 9999 9999 
11   1    2026 9999 9999 9999 
11   2    2026 9999 9999 9999 
11   3    2026 9999 9999 9999 
11   4    2026 9999 9999 9999 
11   5    2026 9999 9999 9999 
11   6    2026 9999 9999 9999 
11   7    2026 9999 9999 9999 
11   8    2026 9999 9999 9999 
11   9    2026 9999 9999 9999 
11   10   2026 9999 9999 9999 
11   11   2026 9999 9999 9999 
11   12   2026 9999 9999 9999 
11   13   2026 9999 9999 9999 
11   14   2026 9999 9999 9999 
11   15   2026 9999 9999 9999 
11   16   2026 9999 9999 9999 
11   17   2026 9999 9999 9999 
11   18   2026 9999 9999 9999 
11   19   2026 9999 9999 9999 
11   20   2026 9999 9999 9999 
11   21   2026 9999 9999 9999 
11   22   2026 9999 9999 9999 
11   23   2026 9999 9999 9999 
11   24   2026 9999 9999 9999 
11   25   2026 9999 9999 9999 
11   26   2026 9999 9999 9999 
11   27   2026 9999 9999 9999 
11   28   2026 9999 9999 9999 
11   29   2026 9999 9999 9999 
11   30   2026 9999 9999 9999 
12   1    2026 9999 9999 9999 
12   2    2026 9999 9999 9999 
12   3    2026 9999 9999 9999 
12   4    2026 9999 9999 9999 
12   5    2026 9999 9999 9999 
12   6    2026 9999 9999 9999 
12   7    2026 9999 9999 9999 
12   8    2026 9999 9999 9999 
12   9    2026 9999 9999 9999 
12   10   2026 9999 9999 9999 
12   11   2026 9999 9999 9999 
12   12   2026 9999 9999 9999 
12   13   2026 9999 9999 9999 
12   14   2026 9999 9999 9999 
12   15   2026 9999 9999 9999 
12   16   2026 9999 9999 9999 
12   17   2026 9999 9999 9999 
12   18   2026 9999 9999 9999 
12   19   2026 9999 9999 9999 
12   20   2026 9999 9999 9999 
12   21   2026 9999 9999 9999 
12   22   2026 9999 9999 9999 
12   23   2026 9999 9999 9999 
12   24   2026 9999 9999 9999 
12   25   2026 9999 9999 9999 
12   26   2026 9999 9999 9999 
12   27   2026 9999 9999 9999 
12   28   2026 9999 9999 9999 
12   29   2026 9999 9999 9999 
12   30   2026 9999 9999 9999 
12   31   2026 9999 9999 9999 
